+-------+------------+
| count | uid        |
+-------+------------+
|     9 | 1012910275 |
|     4 | 1170229657 |
|     5 | 1182428394 |
|     6 | 1216607987 |
|    14 | 1220093704 |
|     5 | 1221506942 |
|     4 | 1232751497 |
|     4 | 1262396461 |
|     4 | 1402935541 |
|     7 | 1403794350 |
|     4 | 1413014760 |
|     4 | 1424984035 |
|    15 | 1432198992 |
|     7 | 1437269252 |
|     8 | 1459424492 |
|    23 | 1579533901 |
|    12 | 1613209864 |
|     4 | 1634058407 |
|    11 | 1636957800 |
|    14 | 1676342943 |
|     4 | 1685031121 |
|     5 | 1690153945 |
|     4 | 1699660973 |
|    10 | 1702014732 |
|     4 | 1713261925 |
|     4 | 1723868231 |
|    12 | 1736917007 |
|    11 | 1737778810 |
|     4 | 1781285617 |
|     4 | 1792203847 |
|     5 | 1806574045 |
|     5 | 1839769305 |
|     4 | 1853005193 |
|     6 | 1877501893 |
|     9 | 1883303630 |
|     5 | 1909561981 |
|     6 | 1922111997 |
|     4 | 1929841272 |
|     8 | 1942932320 |
|    20 | 2038076605 |
|     8 | 2099166537 |
|    18 | 2107378364 |
|     9 | 2141912903 |
|     5 | 2158273632 |
|    12 | 2209469494 |
|    14 | 2211975765 |
|    13 | 2274627520 |
|    12 | 2395315244 |
|     6 | 2397290694 |
|    13 | 2411822184 |
|     9 | 2447018103 |
|     5 | 2573488361 |
|     9 | 2574230877 |
|     4 | 2658324854 |
|     4 | 2681998903 |
|     7 | 2682215323 |
|     5 | 2771266493 |
|     4 | 3083672550 |
|     4 | 3140043362 |
|     5 | 3189109495 |
|     4 | 3223530804 |
|    16 | 3224498033 |
|     6 | 3242624703 |
|     4 | 3287007067 |
|     8 | 3424653710 |
|     5 | 3672794864 |
|     9 | 3741517683 |
|    15 | 3898293437 |
|    16 | 3916132745 |
|     5 | 3916811838 |
|    10 | 3958035397 |
|     5 | 3974986163 |
|     4 | 3983107276 |
|    16 | 5088992175 |
|     9 | 5117856493 |
|     6 | 5135214516 |
|     9 | 5181090063 |
|     4 | 5189409858 |
|    13 | 5194735666 |
|     9 | 5260967763 |
|    12 | 5281280979 |
|     7 | 5288947769 |
|     5 | 5358701361 |
|    12 | 5393850932 |
|    10 | 5431754506 |
|    14 | 5458451833 |
|     7 | 5512947244 |
|    10 | 5565962232 |
|    12 | 5588933508 |
|     7 | 5606645942 |
|     9 | 5610259282 |
|     7 | 5636683498 |
|    15 | 5647162114 |
|     5 | 5671649412 |
|     7 | 5692738029 |
|     5 | 5731559994 |
|     5 | 5756992768 |
|     4 | 5850938845 |
|    11 | 5871549425 |
|    12 | 5883423421 |
|     7 | 5886075893 |
|     8 | 5891121279 |
|     5 | 5949469279 |
|     8 | 5984050379 |
|     4 | 5991015245 |
|     4 | 6003855752 |
|    16 | 6031854220 |
|    12 | 6089751642 |
|     9 | 6205445796 |
|     5 | 6208505055 |
|     5 | 6224236873 |
|    10 | 6307523535 |
|     7 | 6351571484 |
|    10 | 6386719322 |
|     4 | 6395351705 |
|     4 | 6395567328 |
|     4 | 6396501762 |
|     8 | 6405785974 |
|    13 | 6428601304 |
|     8 | 6434960424 |
|     6 | 6441698915 |
|    12 | 6452811298 |
|     9 | 6468977203 |
|     7 | 6540387473 |
|    11 | 6554588056 |
|     5 | 6641528736 |
|    11 | 6874641179 |
|     8 | 6930046147 |
|     6 | 7165664085 |
|     4 | 7335506081 |
|     7 | 7336351360 |
|    10 | 7399368735 |
|    15 | 7455412641 |
|    11 | 7460637246 |
|    13 | 7485489010 |
|     7 | 7487276535 |
|     4 | 7493950178 |
|     4 | 7495164655 |
+-------+------------+
138 rows in set (0.37 sec)


日表收益错误：uid : 6518025210, 项目：creator, 内容表收益总额：19616, 日表收益总额：18176。日期：20201215, 内容表收益：2880, 日表收益：1440。修正失败！ 
充值表收益错误：uid : 6518025210, 项目：creator, 内容表收益总额：19616, 充值表收益总额：18176。修正失败！ 
用户收益条数错误：uid : 6518025210, 项目：creator, 内容表收益条数总额：30, 用户表收益条数总额：29。修正失败！ 
用户收益总额错误：uid : 6518025210, 项目：creator, 内容表收益总额总额：43856, 用户表收益总额总额：42416。修正失败！ 
日表收益错误：uid : 7090803027, 项目：creator, 内容表收益总额：161520, 日表收益总额：156720。日期：20201215, 内容表收益：4800, 日表收益：0。修正失败！ 
充值表收益错误：uid : 7090803027, 项目：creator, 内容表收益总额：161520, 充值表收益总额：156720。修正失败！ 
用户收益条数错误：uid : 7090803027, 项目：creator, 内容表收益条数总额：80, 用户表收益条数总额：79。修正失败！ 
用户收益总额错误：uid : 7090803027, 项目：creator, 内容表收益总额总额：271053, 用户表收益总额总额：266253。修正失败！ 
用户收益条数错误：uid : 7090803027, 项目：recommender, 内容表收益条数总额：80, 用户表收益条数总额：79。修正失败！ 
用户收益总额错误：uid : 7090803027, 项目：recommender, 内容表收益总额总额：271053, 用户表收益总额总额：266253。修正失败！ 